16,1
16,3
13,2
14,2
4,24
4,25
4,4
4,72
4,35
4,17
4,85
4,19
4,27
4,1
4,31
4,2
4,3
6,6
6,4
6,1
6,5
6,2
6,3
7,8
7,7
7,4
7,11
7,6
7,5
7,13
7,1
7,9
7,2
7,3
5,4
5,2
5,1
5,3
37,52
37,51
37,50
37,49
37,48
37,47
37,46
37,45
37,44
37,43
37,42
37,41
37,40
37,39
37,38
37,37
37,36
36,2
36,1
36,3
37,35
3,2
10,106
10,80
10,96
10,102
10,2
10,3
11,12
11,6
11,16
11,10
11,4
11,2
11,3
9,6
9,4
9,2
9,3
8,11
8,6
8,5
8,4
8,2
8,3
12,2
12,1
12,3
20,2
20,1
20,3
19,2
19,1
19,3
11,27
11,26
11,25
11,24
11,23
11,22
11,21
11,20
11,1
11,19
10,309
10,308
10,307
10,306
10,305
10,304
10,303
10,302
10,301
10,300
10,299
10,298
10,297
10,296
10,295
10,294
10,293
10,292
10,291
10,290
10,289
10,288
10,287
10,286
10,285
10,284
10,283
